$ANSIBLE_VAULT;1.1;AES256
66393561353666313834386563336635623037376661393730313131623466663533623761333863
3439613931353032643334363962303438393863653664610a393738323837336138643830346234
34353932346365303364343437346335643232663663643064636435303461356466333137373033
6131333230383033340a326266363561643338323165396163373835363965356533363362363938
32373134306537363139393737313866626638653731636431616338383235393335333166383265
61386163633865616166616331313064363539653535666462346339316333633965343931333637
39353538313965396532336266653465316437653561363462353666313535363436393731323336
32303838303264373634316261653537613733323366353536666263346335356430613461616638
37383037346532346163363837656231306362393063366635633766646466646361663438323939
39633333646166353936333463353364653861326436343435333866613631333334313933383766
37656663393634366432613965393662306264333335666566653032366336623536363332376363
30613965323861646530366665353430623461353833333366306531373830313136653630636133
35393536626462653061633762643361643031326466363739613339373531333935616363663132
38666265343165316239656635383335323763386463383432323134313734336462636461316261
66336130646133613435346633626565396637336165386665343533313835663939356564346566
38333461313338356133306235346635613632663433623138303236326562623338613364653336
34643361383337626435343162636538643637313835386266656263363065356636383731346435
36366338303632373037316536313930363330363036363466653837633232633830353536623462
34636431366438313937353232643032653061653731613363353736623361623436303734626436
35303966313339666436313236653937646138646631643165376265613064386365326439666265
65386537303461613530373138616138313836326533393763663731353161363935646536373736
30353165623030356133333032343864636164353030303665633831393536623932373830343035
39323066643133623838303262313135623761646164666263363962373834316664643935316664
64326161643832343430303162316632303837623135313064323630613935616463616564613062
66613266353031623965623136646335366264343262633638333338303065646163393964383133
38363365393731356539383462623962356662333539313332333963373632646534353261393864
34636161303564336133393931373734313132373732386364653939653739373866313231363138
61323432626666643038336565343432653433323138363631333263333635383236623363323866
35633933336666373765346362656133333336663237643766303562316636613532636132393634
66396261313639633366643335666338393338383362613234383737616535346433303335346266
33656139326164663539333662313639663861633531646336376136333935366564336236346336
36343830663236656661383363336263663162363161366438386332306139373763613265333836
32386664656664363432353434376139336266623137383663663435323937666465643430346234
39656661626532323733633034633235363632393365613561373432373065313636356361366534
66346537323666626137656564346462396134393034633232313366633734383461613231626134
63376132313436643762393036373262303138366637333433623830393464323939353539656564
63623635336662616535613135353262666433646262313763616630666337656437326661633364
39633837323266383366323561386336643036393263626136333265356339663536376466663665
39646136663961626133343362313162653137383935653732316138346335313361313862323931
39303734366332366164383235323431333933303534383334386664666233336233376164303735
61323330643566636465393263613030373932393438646431383365316430376564386639343035
38663439366531336232303036623839336137666432656132653438383737643064346164306565
62323738646564613634313464333538323536663930343566393538393837366632656637303639
39386639363262353339366362353630396666313064393534623165386663313530396539366439
65386539343163333731333933643230346633346132343264643232636635383065353663666636
66373361316133643735326663656463313766616639333438373033353134663763323032393262
61623965386365373331616365643737373564333936616666613361613536666230656136373532
35663934633530323337663261613936363963333161366130636364366464656463663136373766
33323839346636643661343862393733396661366362613962616431653363633630363933653930
39666438376264373765323161356130656538396637383833323038623763323631343865383937
61656538306364353264373234333361353664356561326338633336356664373531663662323633
38306164643039346263373066643261343763633163366165303536323739323062363637663937
35376135383861663465346339656230663534323436363035383536613532313162313464623764
38323864633732653832333437343338663836316631626364346466376134646332343533623932
63356536646363366430396464396130386236373130353331313936623664303835633939386161
65326263666332346362633734373039323139313432366632363764613765616566346134373864
33646464356164303939623535343462323535653966633863613636663162643266313439643633
33333431323939353561663539333634366362396665383838383864373564396231663235316437
37663933376535353934613339623562633139346662323436623432323565396236373166303138
34323366313835666165626236326161303136643765633964346362383937626238643134623163
33303566623536326630623337373231383133326139643032643233333339643234396361343534
31386533363561383234666363303834386534353435343562646135353239323935646236656338
64356637626465613266653665666535343364613166643566663261336464626532616362343865
31663337653432643166373439313238386535356430666539383865303234353764353533303232
61623632636166663365336231623666363330333666353561373038313536353731666633383833
30316337393232376537633965633766313738316562656263656538326330626331373038376239
35366238623733343830396539623965363036343066316531376538373631653735666231396331
35366631626431663537306232636535316264633931643933333239613235326635633337346630
63343336363763633135373463366334666131616539336536643764656562323631666534383338
61636263383533313632343935373635306132613334353463353865376235333937323064326137
34616234396164613231646235383932316563623335613661653534643364386435353931616230
32633734353031623336383865396365386363643635353238363238616136343964346332373963
39623663396437366437356537613861393830613435346238656265616634303065613937363163
37316638313262363565633064336635343166303764656130303932316335343039383334653331
38363465653931353465356636306234346231386436646235663232353937623332343365363530
61313364373663333665313765616134623264623463343939656631326630303864663336346437
31373964336130326565306437343963323332653034396464376136363631383963386236643565
37346564343833333266326266653462383137376566633732383665323936626634346362376535
34623632346566313964656235613261633532326466616339656236663235303266623033663435
35616366326264626336613135636135656530616462323232346133353965393461666137366632
39333931363535396430656637393335336432373361343132663039323565386435656630303061
63363137316134353466353939353031666335643536373533373862376639323862303532613439
35333364633861396637303836653533343635316664306439656132623334626165333436613763
63303337306632613063306164306439363038313138333130623332623637316364353431656136
33616132326466613535323162366139313030316538353339333636623133333835386161336163
66396162336335646133346263376330663739313365663662643834313064663730346531326439
39306361306436626665343431636430613931333235643864316461626235323466356636313561
65313163633663396137313466623236353461363062356562373563666664636533303563326263
62666162343363303236646139346533616630303762383238663338383035613635643664653764
31646230353136636632346163643162386233343336626561386535636632363731383563653039
65323336316363373636653138633237356135346230313534663030386264663030643763663334
62353631616135323330646561383363646162303133333362663831306265633431396539646232
39313034623831663862646630303766333739323864323966636634316163393164653764383166
64323161313734376264613165653262636430356237636666616639303530613736616165636130
37373737323739336162336138393836343438336334386165353230356663616539376366643839
39306335626438323731626335353066366139636631623531303036623438396534343430376136
65373432353731356461323961336136313366393666316135353362663831613833373036323331
37363535656262646164346538313035666164303764313861393261393664376463653537656664
62373931306131343738393438653734636266653332663332326462666533633530613862353730
66653161616530613633613366313036653535383665313666353963383731616336646134646366
35666132633635346533623761326437636135386430623061316565666535623765613430333034
63643835306332373937633261383564346363656332333138643638363164646165643664663533
33353639323532653536303561626462373038383439646334626165613633663564303134333330
33323838626134393233623735383032353634616130366437386437383036653866306266323666
30393936383639363236393433313038376362383532663863366338616662373766633464346435
35353735306436373730343062666537393031373039633337363063393433323864666630353533
39613963666135343732353537316431393535386165383565336265366632333165373862666665
39613261326161396262656536656665356231646365353265313162386635366533313564303835
62636365336234333938626131623535356666376233356238356131636334383365343838366238
64353663333035663164663431363133303332623464363336316434623538323238626466313736
35613635346134306266396638646136346262633336636661633737383937626263653135636463
38383262623666613639366162346333633833376266333564383734326637316535396265616238
32333665633339333136366630663363356335396334333766653164363036356530353432636434
61333765376433333733623166346336373864313962623335393939306238376363373435626331
36663163333637646438356664326534376633346333623162663664306430313761313861366330
61356538306566313033306465323037633530393531653330396561643334396235363939623663
61373330313639326237313836633032373532663161373632346666323334643864336235383066
64636132366339646465326531616366306235646666613965376436363732313534653261623562
34626138326466633762323539663933303761646466613964626434613362383135646564353337
65306439326532323061666536613866613231376432616464323632396530386666333838656337
62316436326235353165333462333961613666646438303862646338306632666466333831366433
31613037623733663630313761313537643633313132333337626633366538613336393761373132
30353962663137396336346463303363663633306236356635356165376233643463613166393466
32393364303062316532336466366633613065313432333935393235336130303838653432663233
32353031663434666466323566646564383036383931666537613939323135363961313766366433
64383836313962613162633566666536653163303933663330353163643132346164353331303233
64633730333462343838396234643565366631336364373130393431363366666162636236663136
32353231613736656330666136386234393939646633303432313038386634356465323062616265
32393334383263386435373933333935363136336236393236373136356635363437613761663863
30613864333165666338383937363837353064363936616634333736353262323438383730376666
35383364663539333961373363376431623134646533386362383961353162393366306532646335
65383233376132656235346165373732626464393639326633353261393563316331366336363938
65666336383332353439353133356363383837346235363264343330366233393266646432326637
64313631633561323130626238306339373461663438396135306238323964306664373363653530
64613736303764623433363135613930373366313565646464373065313635656535353663616266
37363465343463313535633838616636666634373736326238306639613636313035643265396162
31333961636435316139643761316437613631656362346633646531613539303439373233626537
31623937373832613238656637343332303435653432383834326636366161623834663061656663
30383039383261306139663334333831306234613764353062323761396331663834616537386137
33306264333834386363656665616265663234353338666237646434636630313931396130663030
38386232623262616533306666373362633331373937396133353931633231636362346134646235
64653332656539636432656638383539633063626133633361336464363139393265373331343636
39303866653965333362333435393662343930323836346266313537333530633136333735383265
39646533336532323336316234363765386466373466613031653763393463363665663637396666
36343830343038393661343931623464633262623665653137303031366230663933393236663961
66383038363464656262343836613464613137366133663734633538356337343466383064363062
64316536376338386163383365643165356230323031623463663664393732396231646634613337
63373065323739336566313066626361613734363239333165666231353238326132386261333361
62363265386138383234343735373036646536663636393065616239316339326263396330333732
33356439643638313561313062343561303261303562306163666238663035356562353031333637
32303263313465363135386633663130393830383430653336653335663339343664303237316464
31386137316261306530373661386134353031336138656661373566613234393139656562646235
33663537656565306638656565386463653239306230623230613830396232616631633035333631
33323039383463313961656530356165326365323135303530633865666664666639373161363833
64356661366664333261323331326235303331313363636233376663313139396331333666646264
38623838646664343934316462343433656364303164396135343765656433393932373461633066
65373338346135303333643539356536643961376437353163333635623934633730636536616238
62396338636662313435653261656361623861636461653263376134333133336231306662373637
65396664326534656531303134306439663537366238366261376434313763386565623439613031
66333337386265363161303530353265356331373436353538316336643336653063366261313662
31386433633262303061323065353566333262353233343131646534336636643036333839303439
61373665363536623037353137356264316437393462346333353537623437326433616363313033
64393732396165316632323161373665386431656235386563353932396132383061666431303639
65303638633735336662366666303335666363363261306434376661383233316233353237643263
37333464663634353566626536303163373864653039326635386161646238306266633632343730
61373065336536653739393731613636356361366531363733386430643031613639313938366634
34656237323033353938333661643162346535313964383934363065623938346331333464656532
34323966316566663933316263333466626231333862333264393664343235316236316263316263
38643032393939626233613230316332653836326161366162656664326362336235643431313461
63366133653363336438306632353730666333623036613964376161303065396633366634356661
30373862663034666665656132386661613265656235333463336430616438363331323231376161
32316435663535353436373333366136386139393564333736636539343136383135313136356464
38306563336137363434333538653530313165626139356662326361383163633432356132336434
37333032383665386261633633323933663534643363326132396462313036316563646437383462
65666366663365663065656230343265303461383539353130363636333732663361393136626136
33303561383962366235
